6.123233995736766e-17	0.8660254037844387	0.8660254037844387	0.8660254037844387	0.8660254037844387	6.123233995736766e-17
-0.1299038105676658	0.1299038105676658	0.0	0.0	0.12990381056766578	-0.12990381056766578
-0.019485571585149873	0.05845671475544961	0.05845671475544961	-0.05845671475544961	0.01948557158514987	-0.058456714755449606
-0.005845671475544961	0.00876850721331744	0.029228357377724803	-0.04091970032881473	-0.0029228357377724837	-0.01753701442663488
0.0026305521639952327	-0.004822678967324592	0.010083783295315058	-0.0188522905086325	-0.006576380409988082	-0.0017537014426634871
0.0025647883598953515	-0.005195340523890584	0.0017098589065969014	-0.005787214760789511	-0.0041431196582924915	0.002038677927096306
0.0014303627391724079	-0.0028508609077298333	-0.000700384513663731	-0.0005820096662839451	-0.0017262998576218715	0.0017854872813117643
0.0005356461843935293	-0.0010727720543793058	-0.0008345426740274877	0.0006836147436182612	-0.0004513041056354321	0.0008907707265328858
0.00011630328755063921	-0.00023238462226244134	-0.00046943025414046183	0.0006039336744757431	5.548820970927492e-6	0.0002983046153970594
-1.8144644574932757e-5	3.625599622403995e-5	-0.00017964862775474695	0.0003049632005621724	9.0856394577966e-5	4.364702575731527e-5
-3.5102396344184113e-5	7.020978662724207e-5	-4.003640795153279e-5	0.00010453812244598179	6.476639325476225e-5	-2.6103318493533986e-5
